age <- c(34, 81, 10.5, 59, 58, 41, 45, 55, 32, 36.5, 32, 43, 33, 58, 21, 52, 51, 11, 11, 45, 32.5, 31, 30, 52, 29, 81, 33, 45, 20, 57, 41.5, 77, 53, 45, 51, 17, 31, 43, 58.5, 52, 51, 63, 45, 67, 21, 20, 49, 69, 40, 75, 18, 22, 53, 28, 29, 63, 53, 47, 74, 26, 36, 40, 27, 14, 37, 46.5, 51, 21, 38, 40, 51, 11, 37, 47, 57, 60, 73, 45, 45, 38, 30, 26, 50, 81, 53, 52, 8, 30.5, 47, 70, 4, 76, 31, 54, 15, 9, 77, 75, 42, 27.5, 39, 69, 39, 22, 45, 33, 44, 29.6667, 41, 63, 41.25, 40, 54, 41.5, 75, 54, 49, 52, 56, 49, 53, 58, 64, 67.5, 67.5, 65, 28, 65, 78, 78, 74, 66, 49, 58, 50, 54, 49, 49, 49, 51, 63, 50, 50, 47.5, 44, 68, 65, 0, 51, 38, 54, 62, 51, 73, 71, 78, 61, 61, 59, 77, 54, 69, 70, 43, 71, 79, 56, 52, 62.6667, 87, 52, 52, 59, 61, 57, 48, 48, 60, 43, 60, 45, 33.5, 42, 34, 57, 62, 45, 45, 46, 43, 43, 43, 39, 26, 61.6667, 36, 30.3333, 48, 46, 43, 29, 46, 36, 31, 28, 43, 64, 67, 40, 51, 47, 41, 54, 47, 45, 33, 50.5, 39, 35, 47, 47, 50, 69, 56, 51, 53.5, 49, 64, 43, 50, 67, 49, 49, 59, 54, 49, 62, 43, 59, 43, 53, 49, 50, 51, 72, 46, 49, 39, 45, 48, 46, 45, 42, 64, 31, 49, 42, 42, 36, 44, 42, 41, 48, 48, 46, 43, 44.6667, 40, 37, 30, 36, 40, 41, 56, 44, 50, 41, 43, 40, 38.5, 36, 40, 43, 35.5, 24.3333, 64, 60, 30, 35, 42, 40, 33, 48, 35, 30, 29, 30, 29, 38, 45, 38, 31, 51, 51, 43, 50, 51, 50, 40, 37, 31, 44, 71, 59, 30, 43, 31, 31, 29, 56, 31, 30, 26, 48, 40, 24, 31, 31, 33, 33, 25, 28, 29, 53, 31, 29, 28, 28, 43, 33, 31, 0, 27, 30, 30, 27.6667, 45, 28, 26, 28, 23, 31, 26, 25, 46, 24, 18, 33, 50.3333, 28, 25, 28, 30, 27, 41, 29, 24, 18, 29, 28, 39, 28, 33, 41, 31, 24, 25, 23, 21, 21, 21, 26, 19, 43, 28, 24, 24, 29, 25, 28, 49, 43, 46, 38, 51, 20, 25, 51, 47, 33, 18, 21, 23, 13, 21, 20, 11, 13, 13, 25.5, 25, 17.5, 14, 21, 9, 12, 18, 16, 16, 21, 18, 21, 19, 8, 11, 18, 13, 25, 24, 17, 21, 11, 20, 25.5, 17, 11, 15, 18, 18, 8, 20, 37, 8, 11, 10, 18, 37, 0, 4, 4, 27, 19, 19, 20, 17.5, 19, 45, 20, 35, 17, 46, 26, 20, 27.5, 17, 27, 18, 53, 22, 23, 26, 39, 16, 19, 39, 19, 17.5, 15, 13.3333, 28, 35, 24, 23, 21, 18, 28, 16, 15, 17, 20, 18, 35, 16, 28, 28, 28, 20, 15, 20, 25.3333, 17, 24, 46, 58, 49, 39, 20, 52, 19, 27, 27, 56, 50, 52, 34, 27, 40, 33, 59, 51, 5, 8, 5, 31, 20, 57, 8, 59, 38, 29, 32, 31, 26, 32, 22, 22, 28, 28, 0, 18, 35, 26, 42, 49, 13, 33, 20, 62, 19, 4, 44, 20, 53, 51, 23.5, 9.5, 27, 73, 20, 21, 34, 31, 29, 19, 53, 12, 23.5, 4, 39, 23, 48, 59, 62, 65, 43, 24, 59, 79, 77, 6, 6, 43, 33, 19, 70, 20, 49, 9, 9, 28, 70, 60, 28, 18.5, 52, 23, 53, 52, 70, 32, 22, 49, 27, 15, 15, 31, 52, 62, 18.5, 9.5, 28, 56, 19, 37, 24, 31, 21, 35, 34, 56, 20, 55, 29, 29, 77, 12, 12, 25, 37, 12, 66, 36, 11, 14, 11, 14, 20, 17, 64, 25, 17, 65, 30, 32, 71, 48, 29, 59, 39, 56, 57, 44, 28, 34, 3, 55, 14, 17, 17, 57, 3, 36, 28, 28, 41, 21,
         61, 32, 12, 46, 74, 49, 37, 12, 32, 54, 17, 45, 17, 48, 50, 68, 49, 48, 46, 14, 27, 14, 27, 37, 62, 64, 44, 18, 26.5, 65, 56, 56, 17, 68, 21, 34, 63.6667, 17, 34, 39, 17, 18, 12, 35, 24, 26, 26, 14, 55, 42, 61, 49, 42, 44, 0, 51, 71, 71, 44, 49, 5, 55, 38, 24, 50, 20, 52, 24, 31, 49, 55, 25, 30, 39, 34, 58, 41, 4, 41, 24.5, 41, 54, 25, 21, 18, 73, 19, 29, 21, 79, 28, 64, 34, 60, 27, 48, 46, 51, 21, 62, 11, 16, 16, 16, 28, 46, 59, 36, 7, 7, 48, 11, 50.5, 11, 46, 16, 21, 41, 22, 20, 14, 14, 39, 48, 69, 51, 34, 16, 51, 3, 21, 19, 15, 49, 46, 59, 46, 51, 61, 50, 15, 49, 71, 57, 70, 45, 71, 45, 71, 22, 20.5, 24, 20, 20, 22, 54, 63, 85, 19, 47, 45.5, 48, 69, 51, 52, 31, 48, 21, 18, 41, 32, 32.3333, 56, 42, 16, 50, 24, 45, 49, 35, 21, 19, 21, 68, 17, 27, 18, 27, 57, 26, 49, 56, 18, 29, 56, 19, 19, 23, 23, 57, 43, 24, 62, 24, 18, 50, 46, 51, 49, 35, 15, 45, 19, 15, 51, 18, 18, 59, 68, 36, 36, 61, 52, 34, 34, 65, 50, 9.5, 58, 54, 27, 27, 59, 15, 15, 55, 15, 50, 27, 49, 74, 30, 86, 19, 29, 58, 58, 53, 36, 5, 65, 37, 35, 32, 90, 18, 12, 8, 55.5, 53, 33, 25, 46, 56, 36, 46, 56, 36, 36, 36, 26, 61, 81, 39, 22, 24, 54, 47, 65, 46, 75, 15, 29, 51, 55, 43, 19, 51, 49, 45, 0, 18, 46, 47, 49, 32, 47, 22, 56, 49, 22, 26, 36, 22, 56, 22, 60, 27, 59, 41, 50, 5, 17, 65, 32, 20, 42, 5, 68, 17, 28, 58, 37, 61, 76, 70, 28, 24, 29, 44, 13, 18, 56.3333, 6, 49, 65, 47, 11, 31, 15, 49, 29, 29, 36, 26, 45, 15, 77, 56, 65, 54, 48, 47, 35.5, 44, 70, 51, 50, 43, 44, 56, 49, 30, 17, 17, 57, 21, 24, 49, 25, 50, 36, 57, 17, 32, 45.5, 18, 24, 24, 54, 20, 30, 6, 49, 49, 25, 25, 25, 13, 6, 52, 37, 54, 65, 30, 60.5, 54, 19, 75, 56, 29, 57, 36, 45, 4, 58, 78, 19, 19, 19, 49, 25.3333, 70, 13, 39, 52, 11, 35, 59, 78, 50, 28, 21, 11, 19, 25, 53, 44, 62, 59, 29, 19, 77, 32, 42, 60, 87, 52, 28, 34, 52, 54, 26, 34, 56, 56, 51, 55, 68, 31, 42, 13, 54, 59, 19, 19, 19, 34, 47, 49, 19, 13, 4, 20, 21, 69, 36, 26, 23, 50, 45, 20, 69, 51, 50, 54, 20, 25.5, 61, 56, 32, 29, 52, 33, 20, 31, 29, 60.5, 50.5, 27, 37, 31, 49, 74, 49, 19, 83, 56, 25, 67, 17, 42, 38, 59, 22, 49, 38, 44, 75, 42, 36, 61, 65, 25, 21, 35, 40, 77, 66.5, 41, 53, 72, 61, 19, 47, 47, 47, 24, 41, 49, 48, 51, 6, 28, 21, 38, 21, 36, 69, 42, 48, 30.5, 41, 41, 47, 52, 22, 26, 31, 29, 29, 67, 65, 47, 41, 13, 16, 42, 31, 37, 12, 49, 6, 42, 41, 52, 31, 43, 22, 22, 19.5, 21, 30, 26, 54, 20, 38, 24, 47, 59, 39, 39, 62, 3, 23, 83, 48, 23, 46, 22, 52, 39, 28, 46, 28, 34, 68, 12, 46, 8, 42, 48, 18, 49, 12, 46, 22, 25, 59, 9, 14, 34, 31, 9, 9, 34, 65, 55, 42, 29, 34, 54, 53, 46, 51, 12, 9, 12, 39, 19, 19, 68, 72, 16.5, 16.5, 61, 45, 34, 34, 45, 56, 36, 39, 52, 40, 11, 11, 49, 51, 28, 49, 56, 56, 57, 26, 30, 30, 50, 69, 49, 49, 20, 24, 20, 73, 21, 21,
         19, 19, 25, 20, 51, 19, 50, 59, 13, 13, 13, 20, 27, 27, 25, 25, 52, 52, 52, 52, 52, 45, 45, 20, 20, 68, 40, 38.6667, 24, 24, 11, 26, 54, 77, 49, 16, 24, 30, 70, 29, 51, 36, 47, 56, 29, 41, 27, 46, 28, 45, 10.3333, 32, 32, 85, 32, 80, 50, 36, 55, 57, 32, 55, 17, 16, 37, 48, 14, 17, 63.6667, 66, 41, 24, 27, 56, 46, 80, 53, 53, 28, 28, 50, 33, 33, 56, 56, 56, 69, 50, 22, 47, 19, 49, 27, 44, 31, 50, 19, 57, 29, 31, 65, 54, 52, 50, 63, 60, 25, 66, 52, 19, 50, 30, 44, 52, 50, 50, 50, 50, 50, 50, 27, 79, 52, 1, 24, 47, 51, 77, 9, 49, 21, 21, 21, 17, 39, 32, 6, 27, 62, 2, 49, 49, 26, 26, 26, 26, 7, 16, 32, 32, 7, 59, 28, 61, 39, 39, 73, 58, 69, 31, 56, 28, 14, 14, 32, 45, 36.5, 62, 2, 38, 32, 46, 19, 12, 17, 21, 29, 28, 31, 3, 52, 48, 80, 60, 44, 27, 69, 44, 63, 54, 28, 69, 40, 56, 12, 63, 12, 37, 27, 50, 49, 26, 39, 64, 51, 49, 53, 26, 26, 14, 42, 44, 17, 24, 49, 17, 58, 31, 50, 31, 49, 33, 29, 29, 48, 81, 31, 57, 47, 44, 44, 44, 13, 13, 47, 8, 33, 25, 34, 21.5, 21.5, 21.5, 25, 76, 47, 22, 55.5, 79, 47, 42, 42, 43, 42, 28, 57, 58, 40, 14, 52, 46, 56, 74, 49, 81, 58, 24, 52, 30, 27, 52, 32, 27, 17, 22, 32, 32, 28, 52, 67, 48, 57, 7, 40, 48, 76, 82, 47, 54, 10, 49, 40, 36, 31, 42, 20, 40, 50, 41, 20, 52, 52, 47, 52, 32, 16, 42, 17, 52, 57, 15, 41, 40, 62, 51, 46, 78, 70, 9, 45, 15, 15, 31, 54, 27, 47, 51, 52, 49, 32, 52, 51, 24, 30, 47, 15, 34, 34, 24, 34, 57, 49, 63, 10, 20, 40, 17, 56, 17, 17, 17, 44, 47.5, 5, 10, 27, 51, 49, 53, 31, 36, 36, 15, 36, 27, 36, 29, 57, 18, 21, 28, 46, 80, 71, 35, 27, 22, 28, 25, 29, 29, 19, 37, 84, 30, 37, 23, 19, 74, 24, 20, 19, 46, 56, 54, 53, 53, 17, 28, 28, 48, 17, 77, 56, 43, 20, 22, 56, 50, 38, 15, 4, 47, 50, 29, 33, 46, 42, 84, 52, 8, 8, 32, 66, 39, 55, 47, 51.5, 21, 30, 73, 40, 16, 17, 47, 25, 69, 44, 54, 50, 55, 65, 41, 47, 30, 77, 33, 24, 21, 61, 20, 44, 44, 20, 44, 44, 16, 9, 16, 44, 16, 9, 21, 21, 30, 54, 68, 35, 16, 31, 59, 48.5, 2, 56, 29, 15, 51, 
         34, 26, 26, 26, 26, 26, 31,
         48.5, 41, 30, 56, 54, 59, 23, 
         53, 61, 21, 48, 53, 8, 18, 61, 47,
         40, 52, 65, 47, 22, 13, 52, 67, 52, 69, 51, 66, 72, 63, 42, 47, 8, 57, 71, 36, 
         84, 20, 46, 49, 6, 17, 65)
